101 1250                                                                00000100
107 5000                                                                00000200
111 0770                                                                00000300
158 0555                                                                00000400
161 6250                                                                00000500
192 2500                                                                00000600
201 0040                                                                00000700
213 0666                                                                00000800
277 0111                                                                00000900
297 0777                                                                00001000
305 0010                                                                00001100
341 1500                                                                00001200
342 5750                                                                00001300
343 6500                                                                00001400
347 2250                                                                00001500
351 0035                                                                00001600
